0.0 -0.6781723999672803
0.01 0.8523692506379473
0.02 -1.9665739150076516
0.03 6.726471405173902
0.04 0.4461819231514401
0.05 -1.3905189667303473
0.06 3.37631069794133
0.07 0.8699916486571113
0.08 -1.0526802201971028
0.09 1.5641225092105084
0.1 0.6594345949969738
0.11 -0.10131933828468653
0.12 1.3034343775316786
0.13 0.43494727238323727
0.14 0.22063061572165588
0.15 -0.2324717961844628
0.16 0.12581884514962216
0.17 0.29255140442736594
0.18 0.6135629029839453
0.19 0.2953407577285682
0.2 0.8271070608202833
0.21 0.10684707086864441
0.22 0.10440535165789824
0.23 -0.23710621016335404
0.24 0.04609578727720919
0.25 0.14201752813135687
0.26 0.14636699547767063
0.27 -0.46776180391829875
0.28 -0.12997650699007057
0.29 -0.1619963016249794
0.3 0.22137071452477627
0.31 -0.21940174943102084
0.32 0.3917125830416526
0.33 0.2768227300347069
0.34 0.18476024152150328
0.35000000000000003 0.07030634843809055
0.36 -0.12476227826122674
0.37 0.20534866513133973
0.38 -0.4327808867086539
0.39 0.1126345644845616
0.4 0.08675638456259781
0.41000000000000003 -0.5460975397816799
0.42 -0.13980039068802402
0.43 0.5854321042499997
0.44 0.16131815925342805
0.45 0.3203816551648186
0.46 0.41341375221812793
0.47000000000000003 0.41392712854739244
0.48 -0.08219499657530886
0.49 0.5084246515243944
0.5 -0.2964266639349071
0.51 -0.3241873764684804
0.52 -0.11573011413068884
0.53 0.20898758985415478
0.54 -0.15012809472101027
0.55 0.15114075716206646
0.56 0.006846406962501653
0.5700000000000001 -0.6951641367573423
0.58 0.19651809851777008
0.59 -0.8231984919915779
0.6 -0.39904044751430745
0.61 0.13661535572398656
0.62 0.13653787402944964
0.63 0.25544856382190195
0.64 -0.22686531020752798
0.65 -0.0829380802597952
0.66 0.06322634942609463
0.67 -0.5367021347428977
0.68 0.5316878062792878
0.6900000000000001 -0.6820660876211967
0.7000000000000001 0.25551833820210357
0.71 -0.13740799658192984
0.72 0.14367937945207948
0.73 -0.16869977698442462
0.74 -0.2448960338876128
0.75 -0.3058003805123948
0.76 0.043177016993467834
0.77 -0.266541498966627
0.78 0.10063764783949752
0.79 0.716749912014204
0.8 0.014389698586702934
0.81 0.5265592796286269
0.8200000000000001 -0.0833198244470316
0.8300000000000001 0.285623655396365
0.84 -0.591229087402794
0.85 0.10479220392201702
0.86 0.3129977884341086
0.87 0.15646693854362106
0.88 0.14921567833511126
0.89 0.1288215087834821
0.9 -0.014137944583653616
0.91 -0.12356749042827511
0.92 0.11163822479299114
0.93 -0.6442182960083421
0.9400000000000001 0.16291894693677905
0.9500000000000001 -0.25589954507321994
0.96 -0.15789910031681964
0.97 0.06425416301670572
0.98 0.4893625678125646
0.99 0.07342504247111524
